3.29529 0
4.29639 0
5.07775 2.50511
6.73348 0
6.93118 1.17127
7.73248 0
18 0
17.008 2.48267
15.01391 3.0035
15.26079 2.77746
15.59423 2.11858
16.7 0
16.98579 2.56645
14.94996 5.09226
12.47165 4.90991
14.89286 3.10029
9.38352 1.84751
10.40678 4.47872
9.38683 5.46656
8.93157 2.95989
8.8812 3.09852
9.28803 5.5437
8.4491 6.07427
7.48796 5.96871
8.6 3.8
10.42254 6.89315
8.98226 8.09474
7.29315 7.71165
7.7889 7.57222
9.78737 7.09455
4.36558 0
6.15211 0
5.98933 3.67714
5.17135 2.60685
8.71813 0
10.66707 0
10.11348 3.35937
10.77177 0
12.52404 1.65651
10.47095 4.38766
10.18173 3.54201
9.31428 1.77239
8.56361 3.58205
6.9202 4.57477
7.21991 3.71846
8.54649 3.71097
7.38566 5.96318
6.90736 5.9199
6.09042 5.89317
6.33157 5.62161
6.72261 5.06112
6.89156 4.66586
16.62914 5.29483
12.54661 6.3099
14.03948 5.12326
13.9055 5.09647
12.31917 6.35105
10.64756 6.68255
9.90344 6.91178
8.28472 6.90825
12.35521 5.00843
17.99697 8.09308
17.99697 8.87104
17.29416 9.14525
15.21013 8.10324
15.03252 8.08562
17.1977 9.18022
14.92876 10.0521
12.64077 8.00384
15.98755 11.56437
14.13028 12.01301
14.08457 12.46919
12.97017 12.27169
11.87248 13.05908
12.02823 12.4467
10.69498 12.52222
10.96976 13.20984
10.3157 12.47358
9.78028 13.32504
10.88867 13.21879
10.19799 12.48146
9.40998 12.12271
9.1709 13.02211
8.43472 12.68396
8.59765 11.64154
7.69854 12.17674
6.94827 11.64134
7.50983 10.66756
6.17088 10.83636
6.23064 10.64412
6.25541 10.25703
6.27598 9.84171
6.85025 9.76289
6.2985 9.40256
6.3623 9.15484
4.87369 10.47983
4.63569 10.34191
4.62217 10.6421
4.66815 10.85305
4.76364 11.12078
4.81053 11.43057
5.06171 11.77888
5.37672 12.06466
6.22554 0
6.68537 0
6.86968 1.46859
6.14697 2.15047
6.14062 2.25205
6.88398 1.55887
7.03957 2.72479
6.05586 4.01717
6.08712 4.10861
5.70831 5.90931
5.94398 5.89677
6.24734 5.60344
6.64309 5.0209
7.15609 3.72449
7.07775 2.82989
14.12455 0
16.62037 0
15.53327 2.07462
14.03667 0
15.48713 2.13943
15.10715 2.80727
12.58251 4.7083
12.70069 1.35628
12.9399 0
12.48224 4.77186
12.61053 1.72426
10.62879 4.33597
9.38502 5.55473
8.60092 6.08065
8.2 6.8
18 0.2
18 1.8592
16.96073 2.7189
16.88912 2.8904
18 2
18 4.8
16.79309 5.24645
15.09389 5.10825
16.98652 6.88345
18 6.8417
18 8
15.06324 8.0076
16.7271 6.89836
14.9 8
15.80245 6.94023
12.61834 7.27086
11.91731 7.89731
11.77811 7.82688
11.61391 7.77762
11.42582 7.74478
5.45694 12.12795
4.93366 10.50433
5.68923 10.79531
6.05995 10.81849
6.7666 11.58432
7.43263 12.09735
5.81454 12.44064
6.16541 12.66767
6.44978 12.82362
6.9222 12.98873
7.44507 13.11716
8.26606 13.32126
8.08595 12.55572
8.69713 12.89292
9.58754 13.31969
10.9 0
12.87051 0
12.56374 1.53523
7.8 0
8.46611 0
7.0706 2.38653
6.92842 1.2671
8.57862 0
8.6635 0
9.31292 1.64214
7.23053 3.57939
7.10137 2.45871
17.8 5
18 4.90865
18 6.75568
15.88547 6.86598
15.76343 6.88006
17.65504 5.06824
16.63413 5.41089
12.4324 6.45876
12.6 7.2
11.69017 6.5972
11.24944 7.73316
11.05823 7.74955
10.86975 7.79872
10.71679 7.86974
9.86227 8.50315
10.59039 7.94998
11.53415 6.61911
10.66893 6.77513
8.09137 8.94812
8.16781 9.09783
9.1856 9.03317
8.3 9.8
7.44125 10.40941
7.5345 10.51372
10.4 10.6
7.79055 10.48752
7.6 10.6
8.70828 11.61869
9.45128 12.05669
10.15036 12.33327
10.73553 12.41532
11.9848 12.35921
13 12.2
14.02478 11.96853
11.4 10.6
14.16371 11.95183
11.52771 10.59133
13.63082 10.5886
13.96383 10.4926
18 8.95599
18 9.75613
16.03414 11.50541
7.19483 7.75131
8.91004 8.15973
8.02128 8.88646
6.94492 7.93778
9.14772 9.15741
7.84264 10.36013
9.74652 9.60524
9.76945 9.38347
9.82106 9.1168
9.88128 8.89315
9.98235 8.63294
10.10923 8.40929
12.91689 10.52011
13.47597 10.51695
13.83289 10.45378
14.51151 10.21729
12.90268 9.53936
12.86162 9.67834
12.79529 9.83943
12.70685 10.03052
12.6 10.2
12.48259 10.33217
12.3594 10.41114
12.20147 10.48063
8.07131 9.09062
7.38919 10.36364
6.87567 9.68293
6.38263 9.07387
6.43376 8.83455
6.5223 8.56088
6.65914 8.25098
6.85028 8.01562
7.9684 10.42669
10.35562 10.52117
10.2 10.4
10.03754 10.24718
9.90841 10.07396
9.80763 9.91964
9.73835 9.72123
12.51736 7.9981
12.03953 7.98114
12.1809 8.06879
12.34772 8.19461
12.51312 8.36142
12.64743 8.53955
12.78031 8.7714
14.82943 10.08945
12.86894 8.98135
12.91939 9.14447
12.92611 9.28573
12.91266 9.44718
14.65307 10.17288
7.82065 7.49591
9.88544 6.97971
7.4 7
5.53415 5.99101
6.21335 6.8597
5.72529 6.88725
5.33254 6.87288
5 6.8
4.64283 6.66932
4.33869 6.48013
4.06089 6.26699
3.74717 5.98919
3.09313 5.11033
2.76056 4.37612
2.70684 4.6038
2.71195 4.87498
2.72219 5.51197
2.76568 6.03385
2.83986 6.67597
3.31314 5.55035
2.97805 7.29405
3.1184 7.75863
3.31552 8.22822
3.6219 8.69717
3.51367 5.79397
3.87654 6.23601
4.2636 6.5351
4.57534 6.74187
4.49385 7.22238
4.30839 7.64388
4.10235 8.14465
3.93843 8.41784
3.80314 8.57785
3.089 8.95897
2.97608 8.77281
3.11269 8.81257
3.23827 8.83493
3.35869 8.83837
3.19276 9.09935
3.36061 9.28856
3.81283 9.062
3.46878 8.82289
3.572 8.79881
3.72377 9.63952
4.15406 9.98437
4.09495 9.33552
4.46158 9.65195
4.60267 10.26513
5.93935 10.729
5.60365 10.71068
7.29603 6.91866
8.05357 6.90568
8.42921 6.1649
7.4282 6.0264
6.88888 5.97603
5.60129 5.97408
6.31532 6.85156
7.35641 7.61573
7.74468 7.51458
7.39882 7.07736
7.23895 6.98927
6.30904 6.94032
7.07254 7.71361
6.81804 7.90286
5.68258 6.95664
5.27146 6.91748
4.66023 6.76923
4.53809 7.29308
4.36167 7.73821
4.18253 8.1562
6.6 8.2
6.4 8.6
6.32157 8.95667
6.2237 9.43161
3.98982 8.4439
3.84325 8.61761
3.64173 8.75129
3.84279 8.97469
4.0786 9.22788
4.43852 9.56546
6.16613 10.18289
6.12864 10.70905
2.72234 6.08511
2.67855 4.6765
2.62301 5.1029
2.53078 7.11371
2.7898 6.72511
2.92273 7.35876
2.60092 7.56007
2.68086 7.95274
2.79745 8.32158
3.0668 7.82697
3.28289 8.31618
2.94276 8.70394
3.08765 8.75988
3.21598 8.78364
3.32529 8.78839
3.43619 8.78047
3.52967 8.73928
0 0
0 14.08
18 0
18 14.08
5.86207 3.88621
5.49002 5.75576
3.85464 5.74731
3.53722 5.39936
3.28794 4.97186
3.28794 0.25791
3.1 0
3.1 2.86183
0 2.86183
2.77022 3.89931
3.1 4.57633
3.1 3.1
0 3.1
2.44672 4.67435
2.28919 7.11694
0 7.93506
2.39703 7.93506
0 8.15
2.45 8.15
2.64231 8.72543
2.84411 9.12434
3.1 9.45
3.1 14.08
3.33 11.64
3.33 9.65
4 10.2
4.4 10.4
4.41954 10.85747
4.55013 11.19938
4.7 11.64
3.33 14.08
3.33 11.93
4.87 11.93
5.70871 12.66244
6.39748 13.03911
7.17951 13.30816
8.35974 13.54492
9.6 14.08
9.6 13.54
15.9 14.08
15.9 11.94816
13.98813 12.74923
11.59334 13.34005
9.81 13.54
9.81 14.08
18 11.807
16.18 11.807
16.18 14.08
18 11.6
16.4 11.6
18 10.13516
